-4.04761733957	-1.72758543383	-2.43394948484	
-1.72758543383	-4.04761733957	2.43394948484	
-4.04761733957	-1.72758543383	-2.43394948484
-77.3757032501	75.9546571602	-6.22635917491	
-1085.5667225	-997.218129717	-283.045264374
-1450.08206923	-1369.41510286	-251.044249045
-1450.08206923	-1369.41510286	-251.044249045	-1396.30409165	-40.3334831841
-846.718208688	-681.782475798	-332.27829528	-736.761053428	-82.4678664448
-2033.85805145	-1943.55102148	-231.410187501	-1973.6533648	-45.1535149826
-1450.08206923	-1369.41510286	-251.044249045	-1396.30409165	-40.3334831841
-776.658573525	-383.396488911	-395.497536754	-514.483850449	-196.631042307
-1710.87496119	-1625.72040002	-239.533487717	-1654.10525374	-42.5772805844
-1239.36969463	-1159.09691014	-265.994442048	-1185.85450497	-40.1363922423
-940.478165389	-826.319273616	-306.511665867	-864.37223754	-57.0794458864
-790.93531433	-537.719288112	-361.887275113	-622.124630185	-126.608013109
-809.329528541	-207.707961868	-433.295981781	-408.248484093	-300.810783336
-1044.95625843	254.284359415	-522.36255544	-178.795846534	-649.620308924
-805.531914139	-566.16088504	-356.976514768	-645.951228073	-119.68551455
