-14.3645587362	5.98717759089	-0.265863551971
0.142211735681	0.0277233131043	-0.00110085369418

-14.3645587362	5.98717759089	-0.265863551971
0.568846942723	0.110893252417	-0.00440341477671

-3.00283633374	0.807311177581	-0.0329887802057
0.724052360711	0.0413562511856	-0.00147877858891

-2.81059285617	0.719710710628	-0.0330486466893
0.729472677167	0.0390326440744	-0.00152837817211

-2.81059285617	0.719710710628	-0.0330486466893
-2.51222124447	0.285446155017	-0.0111450038899

-2.32003190574	0.594886136169	-0.031045930489
-2.43394948484	0.271720515077	-0.0118507362316
-5.77520277339	3.67215891841	0.108470941311

2.32003190574	-0.594886136169	0.031045930489
2.43394948484	-0.271720515077	0.0118507362316
-5.77520277339	3.67215891841	0.108470941311
 
-2.32003190574	0.594886136169	-0.031045930489
-2.43394948484	0.271720515077	-0.0118507362316
-5.77520277339	3.67215891841	0.108470941311
 
-153.33036041	111.484455222	-12.7047629246
-6.22635917491	2.62896402824	-0.243867622052
-1.42104608991	1.32074678897	0.310646497727
 
-88.3485927874	-0.369431097789	-102.830971931
-283.045264374	9.52267319919	-205.831621417
-2082.78485222	1211.79744343	-198.483934789
 
-80.6669663682	-2.10564923401	-102.771060407
-251.044249045	3.18437666748	-205.640110732
-2819.49717208	1353.20006922	-202.57491155
 
-80.6669663682	-2.10564923401	-102.771060407
-251.044249045	3.18437666748	-205.640110732
-2819.49717208	1353.20006922	-202.57491155
 
-164.93573289	21.6651710673	-103.823836197
-332.27829528	23.3683879681	-206.445943902
-1528.50068449	1057.63297735	-191.637285364
 
-90.3070299652	-0.976786860017	-102.792241462
-231.410187501	0.757592781902	-205.592125569
-3977.40907293	1487.68860618	-205.086154146
 
-80.6669663682	-2.10564923401	-102.771060407
-251.044249045	3.18437666748	-205.640110732
-2819.49717208	1353.20006922	-202.57491155
 
-393.262084614	105.015638881	-108.580506608
-395.497536754	46.1707982474	-207.732000049
-1160.05506244	926.194833733	-184.304991098
 
-85.1545611688	-1.48889495715	-102.784278648
-239.533487717	1.57301767035	-205.604929258
-3336.59536121	1424.71550356	-204.117686822
 
-80.2727844846	-2.15520936376	-102.770266148
-265.994442048	5.87202630856	-205.715412313
-2398.46660477	1278.11761701	-200.488119568
 
-114.158891773	6.37913079395	-103.106642672
-306.511665867	15.6516003201	-206.085747597
-1766.79743901	1128.74161504	-194.944397141
 
-253.216026218	51.7394441537	-105.420844857
-361.887275113	33.4188833622	-206.977730562
-1328.65460244	990.000196692	-188.069463251
 
-601.621566673	192.575640262	-114.31774165
-433.295981781	62.0226447172	-208.768552958
-1017.03749041	866.347601636	-180.400152715
 
-1299.24061785	529.594612575	-139.750950471
-522.36255544	104.809747422	-211.97960449
-790.671899017	758.385228755	-172.35607938
 
-239.371029099	46.1619257976	-105.00567056
-356.976514768	31.3168775417	-206.802873945
-1371.69279918	1009.91789612	-189.935714248
 
