17179.7284063	4.25633808403	0.303607743637	1.64329839353	1	1

17179.7420557	4.25633849416	0.303604589631	1.64329843247	1.0	1.0
17179.7420557	4.25633849416	0.303604589631	1.64329843247	0.316227766017	0.316227766017
20660.1600524	4.33911018647	0.0660412637449	-0.17170353247	3.87298334621	3.87298334621
21731.3637807	4.35609796016	0.0837116215691	-0.203769690588	7.07106781187	7.07106781187
10098.4809169	3.97856484984	2.66972503336	1.51522958344	4.472135955	0.316227766017
10276.6442577	3.97514929391	3.09229438499	1.54215214802	5.9160797831	5.9160797831
8304.40778592	3.8709812046	3.81749958968	1.5219769641	1.41421356237	4.12310562562
8496.76264976	3.88690388679	3.59644593249	1.56468087092	0.316227766017	2.2360679775
8710.48160324	3.90021343831	3.45851681849	1.56396153109	1.73205080757	2.0

.
17205.2461425	4.25800432087	0.284526264709	1.64746964072	0.25	0.25
8673.64283864	3.90066864969	3.42108322415	1.57235788027	0.25	0.5
8707.75249166	3.90266795525	3.40174947034	1.57204056642	0.75	0.5
8707.04352863	3.90242894732	3.40887007925	1.57182883785	0.75	0.75
8690.72292778	3.90147358666	3.41823448164	1.57200032592	0.5	0.75
8674.21000157	3.90050465943	3.42771663746	1.57216805838	0.25	0.75
8790.59601366	3.90748367064	3.3551198735	1.5712006144	2.0	0.5
8854.76046656	3.91117451229	3.31938350685	1.57048255925	3.0	0.5
8781.64292441	3.9065698592	3.37209448807	1.57063731443	2.0	1.0
10595.5195932	3.98581854602	3.15722362821	1.5426955874	50.0	100.0
10467.3201709	3.97833835243	3.26036059649	1.54245510674	50.0	150.0
12153.1038393	4.05587743017	2.58397237677	1.54412528029	75.0	75.0
15403.6355913	4.17775381381	1.60612269318	1.60590870488	75.0	125.0
10508.0558388	3.98087333008	3.22069178909	1.54255774676	50.0	125.0
16276.934225	4.20793402878	1.27955221205	1.6094938817	100.0	50.0
16391.6225136	4.20928937038	1.32200509804	1.61084814458	125.0	100.0
21953.8574131	4.35779056447	0.164566677253	1.70111684792	125.0	130.0
11180.8630208	4.01584560724	2.72583479697	1.5458517487	100.0	75.0
16286.3664526	4.20526681673	1.37703711405	1.6104873075	125.0	150.0
15721.8959373	4.19069934131	1.42566527134	1.60627408582	75.0	50.0
16253.2411914	4.20399384401	1.39456042583	1.61037641043	125.0	175.0
11126.4164875	4.00991748905	2.95260097108	1.54401586563	75.0	150.0
11684.7248976	4.03541468783	2.74686301113	1.54405113359	75.0	100.0
19646.6893094	4.31788305737	0.0347948249458	1.70634177823	50.0	0.0
11133.2170687	4.01063007952	3.15330012783	1.59315983426	0.0	100.0
8650.74386456	3.89972186396	3.41909080093	1.57281837967	0.0	0.0
7975.48558479	3.84384615675	4.27116563881	1.53000035575	0.0	50.0
14518.9583661	4.15722487822	1.42785216473	1.54940011611	100.0	0.0
8650.74386456	3.89972186396	3.41909080093	1.57281837967	0.0	0.0
18188.3598276	4.25664159046	1.07307716733	1.61948871427	500.0	100.0
22263.2802285	4.36287334195	0.184123558658	1.70001557142	100.0	400.0
8086.85014708	3.85507705541	4.03282669972	1.52444597026	0.0	25.0
8489.07829053	3.88644140424	3.60053338699	1.56470099016	0.0	5.0
8162.18177358	3.8628520715	3.86261247774	1.52039840723	0.0	15.0
8246.92387603	3.86514173969	3.94539777802	1.52536660324	2.0	25.0
8306.04190525	3.87381114118	3.70641389388	1.51832451564	0.0	10.0
8121.17171576	3.85320192385	4.18653968757	1.53095482778	2.0	50.0
8395.82866456	3.87934330832	3.65387246764	1.51860493585	2.0	10.0
23089.3207182	4.38277312368	-0.0499225321042	1.75895916928	2.0	200.0
8886.64744598	3.90338224316	3.61906123901	1.53063461909	10.0	25.0
9047.42801767	3.91735256756	3.3411591982	1.52078743459	10.0	10.0
9207.6390614	3.92784701372	3.22378859306	1.55678797445	10.0	5.0
8669.25183133	3.88682487276	3.88770788801	1.53471292043	10.0	50.0
8462.58216957	3.8711320003	4.13397772973	1.53632959779	10.0	100.0
8315.20548527	3.85977578459	4.31202745065	1.53699347574	10.0	200.0
6108.42895579	3.70665799787	5.3899366174	1.52903088412	0.0	75.0
8438.53048413	3.93368406273	0.21396979622	1.70360355657	2.0	100.0
1475.081369		3.12675630254	-0.77644301864	1.57817853759	10.0	500.0
7919.20523571	3.83256583937	4.62862689173	1.53634669419	5.0	600.0
7949.05035829	3.83503375523	4.58831160259	1.53622077344	5.0	400.0
22352.4494534	4.36437977348	0.194921464017	1.69846017545	10.0	800.0
12187.3810348	4.05426558098	2.83863816699	1.59709029735	10.0	1000.0
11804.377187	4.03771545136	2.99752932908	1.59616592741	5.0	700.0
12519.5545571	4.06936919962	2.65965670136	1.59740283806	15.0	300.0
7931.1883915	3.83355995798	4.6123171778	1.53628968258	5.0	500.0
7904.37741356	3.83132514203	4.64924715578	1.53643867587	5.0	800.0
22242.4516188	4.36263115262	0.188760318039	1.69840753396	10.0	400.0
8172.09933842	3.84854488674	4.48985575055	1.53746904148	10.0	900.0
12181.6177383	4.05421892822	2.83318724665	1.59698947144	10.0	700.0
8194.45080767	3.85031191042	4.46178251461	1.53740372232	10.0	600.0
22336.9361429	4.36413005555	0.193669216621	1.6985414932	15.0	700.0
12530.4274156	4.06910169284	2.68331514642	1.59774396656	15.0	600.0
1530.67723519	3.14321520352	-0.617700638229	1.576976091	15.0	400.0
2698.45543329	3.4090023954	-0.496059578297	1.66045874772	15.0	800.0
2383.15864771	3.35312621545	-0.434067657604	1.66018981807	15.0	250.0
1514.3005402	3.15029232806	-1.40192878928	1.57714002636	15.0	500.0
7685.64536971	3.81797390909	4.7344350139	1.53474363398	0.01	300.0
22036.1701749	4.35933794885	0.178242262594	1.69803273401	0.01	200.0
21693.3528574	4.35377381178	0.159253919509	1.69769045665	0.1	100.0
11372.2729075	4.01863462233	3.17322800016	1.59505652174	0.01	400.0
7635.62568168	3.81355401466	4.81081259045	1.53517635245	0.01	600.0
7621.60028671	3.81232523264	4.83165723908	1.53525528569	0.01	800.0
7613.71544854	3.81161945038	4.8440460582	1.53531696812	0.01	1000.0
7651.17208287	3.81482577406	4.79151983384	1.53509974016	0.1	500.0
7619.04371229	3.81198575547	4.84046603897	1.53535779103	0.1	1000.0
7602.63056191	3.81063513372	4.86107081293	1.53539986684	0.01	1500.0
7601.65281434	3.81045571172	4.86654317945	1.53545800329	0.1	2000.0
7607.30844319	3.81095746393	4.85788096156	1.53541620786	0.1	1500.0
7596.60492942	3.81010800913	4.86994732155	1.53543329862	0.01	2000.0
21693.2987363	4.35377344859	0.159258795894	1.69768672192	0.01	100.0
